211
19
169
210
171
182
118
28
110
225
182
53
90
144
170
172
154
106
21
132
12
71
113
142
88
231
133
28
167
140
214
190
20
35
21
201
221
176
164
117
84
46
50
203
93
103
247
119
64
132
77
161
124
212
98
98
89
109
162
180
207
151
180
219
68
212
204
158
11
212
175
141
72
62
128
249
214
7
201
184
181
51
210
13
91
17
92
235
18
6
198
165
228
143
251
113
131
31
133
195
59
239
2
216
165
23
165
196
17
148
182
45
36
184
76
242
158
105
95
218
193
94
57
97
159
91
254
191
254
120
219
42
81
239
133
230
199
229
153
194
60
37
237
127
240
59
158
101
115
180
